REMARK SeriesTab Input: test.tab Output: parkin_sq.tab
REMARK Mode: Maximum Dimensions: 2
REMARK Input Region:    X +/- 2 X-ZF: 5
REMARK Analysis Region: X +/- 2
REMARK Input Region:    Y +/- 2 Y-ZF: 5
REMARK Analysis Region: Y +/- 2

VARS   INDEX X_AXIS Y_AXIS DX DY X_PPM Y_PPM X_HZ Y_HZ XW YW XW_HZ YW_HZ X1 X3 Y1 Y3 HEIGHT DHEIGHT VOL PCHI2 TYPE ASS CLUSTID MEMCNT Z_A0 Z_A1 Z_A2 Z_A3 Z_A4 Z_A5 Z_A6 Z_A7 Z_A8 Z_A9
FORMAT %5d %9.3f %9.3f %6.3f %6.3f %8.3f %8.3f %9.3f %9.3f %7.3f %7.3f %8.3f %8.3f %4d %4d %4d %4d %+e %+e %+e %.5f %d %s %4d %4d %7.4f %7.4f %7.4f %7.4f %7.4f %7.4f %7.4f %7.4f %7.4f %7.4f

NULLVALUE -666
NULLSTRING *

    1   279.881    33.925  0.045  0.046    0.668   32.315   534.822  6502.247   5.660   5.687   21.590   44.716  276  284   30   38 -9.967596e+10 +3.531011e+08 -9.955351e+10 0.00000 1 s82    1    1  1.0000  0.9723  0.9181  0.8013  0.6682  0.5911  0.5308  0.4654  0.9444  0.5793
    2   241.006    51.294  0.049  0.050    0.854   31.636   683.119  6365.677   5.346   5.069   20.393   39.856  237  245   48   55 +8.194137e+10 +3.605878e+08 +8.138933e+10 0.00000 1 s81    2    1  1.0000  0.9621  0.9095  0.7162  0.6226  0.5348  0.4721  0.4452  0.9722  0.5305
    3   284.971    51.310  0.140  0.172    0.644   31.636   515.408  6365.551   6.075   6.281   23.175   49.387  281  289   47   55 +3.591262e+10 +3.506008e+08 +3.573580e+10 0.00000 1 s83    3    1  1.0000  0.9615  0.9068  0.7304  0.5706  0.5189  0.4453  0.4380  1.0175  0.5242
    4   208.313    63.816  0.047  0.040    1.010   31.147   807.833  6267.221   5.239   4.914   19.985   38.634  205  212   61   67 +9.180888e+10 +3.636339e+08 +9.090254e+10 0.00000 1 s80    4    1  1.0000  0.9545  0.9231  0.7724  0.6579  0.5683  0.5233  0.4967  0.9442  0.5674
    5   259.740    74.651  0.113  0.085    0.764   30.724   611.655  6182.026   6.323   5.274   24.119   41.465  256  264   71   78 +5.382860e+10 +3.572181e+08 +5.318136e+10 0.00000 1 s84    5    1  1.0000  0.9495  0.8836  0.7024  0.5958  0.5339  0.4588  0.4551  0.9410  0.5094
    6   432.158    83.118  0.154  0.118   -0.058   30.393   -46.067  6115.450   6.096   5.302   23.253   41.689  429  436   80   86 +3.410958e+10 +3.530254e+08 +3.403017e+10 0.00000 1 s103    6    1  1.0000  0.9587  0.8871  0.6458  0.5288  0.4354  0.4211  0.3781  0.9439  0.4498
    7   248.205    97.301  0.241  0.152    0.819   29.839   655.657  6003.937   7.093   5.431   27.059   42.700  245  253   95  100 +3.034569e+10 +3.533908e+08 +3.011031e+10 0.00000 1 s85    7    1  1.0000  0.9756  0.9183  0.7321  0.6243  0.5359  0.4730  0.4982  0.9593  0.5476
    8   185.362   102.780  0.065  0.063    1.119   29.624   895.383  5960.855   5.693   5.747   21.716   45.185  181  189   99  107 +7.941671e+10 +3.558139e+08 +7.854786e+10 0.00000 1 s79    8    2  1.0000  0.9498  0.8874  0.7286  0.6211  0.5526  0.4836  0.4518  0.9431  0.5349
   11   300.823   117.002  0.067  0.040    0.569   29.069   454.937  5849.026   6.822   5.298   26.024   41.655  296  306  113  121 +9.791155e+10 +3.507091e+08 +9.777923e+10 0.00000 1 s92   10    1  1.0000  0.9342  0.8940  0.7018  0.5505  0.4479  0.3946  0.3619  0.9458  0.4560
   12   224.613   119.116  0.011  0.009    0.932   28.986   745.654  5832.404   5.170   5.089   19.721   40.010  221  229  115  123 +4.107834e+11 +3.682554e+08 +4.057642e+11 0.00000 1 s86   11    6  1.0000  0.9930  0.9879  0.9448  0.9144  0.8972  0.8975  0.8990  0.9945  0.8994
   13   568.055   119.091  0.118  0.078   -0.705   28.987  -564.472  5832.600   6.246   4.996   23.826   39.283  564  572  116  122 +4.531549e+10 +3.541836e+08 +4.527826e+10 0.00000 1 s101   12    1  1.0000  0.9465  0.8854  0.6763  0.5174  0.4692  0.3759  0.3357  0.9425  0.4345
   14   317.940   119.885  0.061  0.055    0.487   28.956   389.641  5826.363   5.395   5.006   20.582   39.364  314  322  117  123 +6.626636e+10 +3.596690e+08 +6.617932e+10 0.00000 1 s93   13    1  1.0000  0.9622  0.9281  0.7472  0.6278  0.5329  0.4990  0.4484  0.9513  0.5412
   15   153.839   121.051  0.066  0.057    1.269   28.910  1015.634  5817.192   5.332   4.970   20.339   39.079  150  157  118  124 +6.172678e+10 +3.595671e+08 +6.160183e+10 0.00000 1 s77   14    1  1.0000  0.9182  0.8563  0.6837  0.5648  0.5168  0.4592  0.4280  0.9201  0.4806
   16   235.987   122.695  0.072  0.145    0.878   28.846   702.264  5804.262   6.883   7.893   26.258   62.064  231  241  117  129 +9.178509e+10 +3.535917e+08 +9.035972e+10 0.00000 1 s88   11    6  1.0000  0.9637  0.9586  0.8331  0.7696  0.7282  0.6849  0.6806  0.9617  0.7328
   17   258.724   123.408  0.032  0.028    0.769   28.818   615.529  5798.656   6.794   5.980   25.919   47.022  254  264  119  127 +2.152208e+11 +3.524334e+08 +2.125324e+11 0.00000 1 s90    9    2  1.0000  0.9561  0.9242  0.7702  0.6580  0.5709  0.5228  0.4766  0.9618  0.5781
   18   444.957   123.099  0.132  0.130   -0.119   28.830   -94.893  5801.086   5.704   5.561   21.760   43.728  442  448  120  126 +3.376179e+10 +3.526654e+08 +3.373647e+10 0.00000 1 s102   15    1  1.0000  0.8832  0.8428  0.6931  0.5262  0.4300  0.4175  0.4036  0.9456  0.4835
   21   210.972   128.412  0.088  0.046    0.997   28.623   797.690  5759.316   6.702   5.788   25.567   45.511  206  216  124  132 +1.396279e+11 +3.804234e+08 +1.325669e+11 0.00000 1 s87   11    6  1.0000  0.9756  0.9592  0.8774  0.7873  0.7404  0.7088  0.6951  0.9782  0.7323
   22   314.557   129.257  0.070  0.058    0.503   28.590   402.545  5752.668   5.280   5.036   20.143   39.599  311  318  126  133 +7.000180e+10 +3.659317e+08 +6.867072e+10 0.00000 1 s94   16    1  1.0000  0.9576  0.9056  0.7591  0.6564  0.5525  0.5316  0.4792  0.9400  0.5766
   23   283.173   130.827  0.196  0.146    0.653   28.528   522.267  5740.327   6.216   5.297   23.711   41.651  280  286  128  133 +2.813513e+10 +3.536789e+08 +2.803192e+10 0.00000 1 s91   17    1  1.0000  0.9394  0.8906  0.7116  0.5819  0.4296  0.4059  0.3193  0.9791  0.4939
   24   234.221   135.106  0.036  0.033    0.886   28.361   709.003  5706.680   5.456   5.242   20.813   41.217  230  238  131  139 +1.215826e+11 +3.586019e+08 +1.210868e+11 0.00000 1 s89   11    6  1.0000  0.9758  0.9493  0.8588  0.7639  0.7225  0.6871  0.6446  0.9742  0.7275
   26   266.778   148.046  0.153  0.128    0.731   27.856   584.805  5604.935   6.622   6.146   25.260   48.327  263  272  144  152 +4.118644e+10 +3.486330e+08 +4.108961e+10 0.00000 1 s75   19    1  1.0000  0.9098  0.9005  0.8059  0.6837  0.6125  0.5539  0.5304  0.9249  0.6353
   27   384.811   149.081  0.290  0.159    0.168   27.815   134.547  5596.800   7.018   5.218   26.772   41.029  382  388  147  151 +2.411370e+10 +3.501209e+08 +2.406723e+10 0.00000 1 s95   20    1  1.0000  0.8994  0.8515  0.5892  0.4202  0.2839  0.2031  0.1880  0.9021  0.3326
   28   134.671   150.714  0.149  0.127    1.361   27.751  1088.754  5583.957   5.601   5.168   21.366   40.631  132  138  148  153 +3.343218e+10 +3.599435e+08 +3.300253e+10 0.00000 1 s78   21    1  1.0000  0.8661  0.7965  0.6309  0.5125  0.4917  0.4088  0.3965  0.8993  0.4615
   29   208.177   151.653  0.141  0.129    1.010   27.715   808.353  5576.571   5.802   5.234   22.135   41.151  205  211  149  154 +3.478401e+10 +3.579979e+08 +3.441641e+10 0.00000 1 s76   22    1  1.0000  0.9021  0.9001  0.7544  0.5502  0.4274  0.3434  0.2963  0.9522  0.4468
   30   282.164   154.991  0.069  0.067    0.657   27.584   526.114  5550.324   5.383   5.306   20.534   41.720  279  286  152  159 +6.013695e+10 +3.578165e+08 +6.002521e+10 0.00000 1 s74   23    1  1.0000  0.9885  0.9340  0.8178  0.7045  0.5707  0.5390  0.4783  0.9715  0.5883
   32   247.833   161.083  0.083  0.109    0.821   27.346   657.075  5502.429   5.005   5.749   19.094   45.204  244  250  158  165 +4.452751e+10 +3.663057e+08 +4.441056e+10 0.00000 1 s64   25    5  1.0000  1.0440  1.0134  0.9620  0.8849  0.8525  0.8052  0.8307  1.0258  0.8484
   34   319.438   163.120  0.178  0.078    0.480   27.267   383.925  5486.413   6.834   4.906   26.070   38.576  314  324  160  166 +4.450911e+10 +3.554799e+08 +4.409226e+10 0.00000 1 s73   26    2  1.0000  0.9273  0.8578  0.6833  0.5339  0.4342  0.3068  0.2817  0.9128  0.3789
   36   250.157   164.401  0.137  0.252    0.810   27.216   648.211  5476.338   5.533   6.421   21.105   50.485  248  253  159  167 +3.339201e+10 +3.674170e+08 +3.954532e+10 0.00000 1 s65   25    5  1.0000  1.0536  1.0233  0.9591  0.8917  0.8359  0.7901  0.8264  1.0431  0.8322
   37   202.237   168.060  0.064  0.059    1.039   27.073   831.011  5447.566   5.492   5.387   20.951   42.355  198  206  164  172 +6.988892e+10 +3.574555e+08 +6.961144e+10 0.00000 1 s61   27    1  1.0000  0.9331  0.8826  0.7618  0.6505  0.5921  0.5450  0.4989  0.9340  0.5899
   38   222.850   167.779  0.013  0.017    0.940   27.084   752.380  5449.775   4.880   5.304   18.615   41.704  220  226  164  172 +2.597163e+11 +3.656709e+08 +2.583316e+11 0.00000 1 s63   25    5  1.0000  0.9918  0.9848  0.9604  0.9273  0.9116  0.9150  0.9060  0.9956  0.9118
   39   363.575   168.423  0.175  0.235    0.269   27.059   215.555  5444.711   5.800   6.610   22.125   51.973  360  366  165  173 +3.262973e+10 +3.580148e+08 +3.202302e+10 0.00000 1 s71   28    2  1.0000  0.9619  0.9365  0.7190  0.6017  0.5241  0.4376  0.4612  0.9519  0.5202
   40   216.016   168.807  0.137  0.191    0.973   27.044   778.449  5441.693   5.268   5.998   20.095   47.160  213  220  166  172 +2.895550e+10 +3.679389e+08 +2.889508e+10 0.00000 1 s62   25    5  1.0000  0.9991  1.0138  0.9459  0.8989  0.8390  0.8957  0.8337  0.9914  0.8515
   41   256.836   175.507  0.221  0.298    0.778   26.782   622.732  5389.009   5.386   5.563   20.545   43.741  255  259  174  178 +1.958548e+10 +3.658332e+08 +1.922565e+10 0.00000 1 s66   29    1  1.0000  0.9372  0.9282  0.8498  0.8109  0.7071  0.5918  0.6205  0.9721  0.6675
   42   360.332   174.781  0.089  0.061    0.285   26.811   227.925  5394.720   5.992   5.065   22.858   39.828  356  364  171  178 +6.379821e+10 +3.594265e+08 +6.317350e+10 0.00000 1 s72   28    2  1.0000  0.9119  0.8728  0.6911  0.5728  0.5006  0.4630  0.4030  0.9029  0.4937
   43   109.576   176.134  0.076  0.065    1.480   26.758  1184.484  5384.083   5.603   5.539   21.374   43.549  106  114  172  180 +7.017591e+10 +3.596013e+08 +6.929443e+10 0.00000 1 s22   30    1  1.0000  0.9584  0.9013  0.7771  0.6547  0.6244  0.5338  0.4758  0.9749  0.5797
   44   208.418   176.255  0.156  0.147    1.009   26.753   807.431  5383.134   5.792   5.839   22.094   45.914  205  212  173  180 +3.615341e+10 +3.576511e+08 +3.564403e+10 0.00000 1 s60   31    1  1.0000  0.8635  0.8221  0.6682  0.5545  0.4658  0.3833  0.3653  0.8863  0.4727
   45   265.755   177.817  0.384  0.269    0.736   26.692   588.709  5370.849   7.673   6.443   29.271   50.662  262  269  175  183 +2.231227e+10 +3.480019e+08 +2.223118e+10 0.00000 1 s67   32    2  1.0000  0.8881  0.8237  0.5630  0.5140  0.3574  0.3033  0.2785  0.9037  0.4294
   46   130.087   178.797  0.069  0.063    1.382   26.654  1106.242  5363.142   5.631   5.207   21.480   40.943  126  134  175  182 +6.484716e+10 +3.578899e+08 +6.462015e+10 0.00000 1 s23   33    1  1.0000  0.9536  0.9119  0.7617  0.6483  0.6020  0.5093  0.4941  0.9450  0.5929
   47   245.922   180.171  0.119  0.173    0.830   26.600   664.368  5352.341   5.886   6.901   22.453   54.263  242  250  176  185 +3.985249e+10 +3.494136e+08 +3.978942e+10 0.00000 1 s59   34   32  1.0000  0.8943  0.8369  0.6723  0.4876  0.4702  0.4227  0.3398  0.9251  0.4318
   48   188.685   183.246  0.031  0.037    1.103   26.480   882.708  5328.164   5.086   5.589   19.401   43.944  185  193  179  187 +1.317206e+11 +3.612756e+08 +1.302151e+11 0.00000 1 s28   35    2  1.0000  0.9666  0.9196  0.7993  0.7008  0.6442  0.6055  0.5736  0.9659  0.6543
   49   264.046   182.406  0.386  0.852    0.744   26.513   595.228  5334.767   6.887   8.570   26.273   67.387  262  266  176  185 +1.692131e+10 +3.520133e+08 +1.684643e+10 0.00000 1 s68   32    2  1.0000  0.9039  0.8495  0.6375  0.4620  0.3820  0.2868  0.2610  0.9134  0.4052
   50   165.771   183.635  0.076  0.074    1.212   26.465   970.118  5325.106   5.890   5.494   22.469   43.196  162  170  180  188 +6.819187e+10 +3.581841e+08 +6.738980e+10 0.00000 1 s26   36    4  1.0000  0.9392  0.9046  0.7434  0.6188  0.5033  0.4191  0.3909  0.9324  0.5279
   51   213.868   187.496  0.100  0.199    0.983   26.314   786.642  5294.746   5.234   6.516   19.964   51.236  211  217  184  192 +3.934085e+10 +3.591388e+08 +3.883711e+10 0.00000 1 s57   34   32  1.0000  0.9245  0.8985  0.7650  0.6434  0.5109  0.5294  0.4391  0.9375  0.5683
   52   243.520   187.263  0.116  0.075    0.842   26.323   673.530  5296.575   6.188   5.379   23.606   42.292  240  248  183  191 +6.115786e+10 +3.621543e+08 +6.001761e+10 0.00000 1 s58   34   32  1.0000  0.9440  0.8910  0.7643  0.6206  0.4899  0.4633  0.3848  0.9343  0.5042
   53   273.738   189.664  0.095  0.128    0.698   26.229   558.255  5277.700   5.306   5.916   20.241   46.520  270  277  186  193 +4.474319e+10 +3.580752e+08 +4.424237e+10 0.00000 1 s69   37    1  1.0000  1.0186  0.9702  0.8140  0.6680  0.6383  0.5247  0.5090  0.9924  0.6065
   54   158.845   191.434  0.442  0.160    1.245   26.160   996.539  5263.782   8.266   5.753   31.531   45.239  154  165  188  195 +3.750763e+10 +3.634539e+08 +3.633143e+10 0.00000 1 s24   36    4  1.0000  0.9510  0.9637  0.7916  0.7059  0.5526  0.5723  0.4730  0.9795  0.6329
   56   223.027   191.082  0.060  0.066    0.939   26.174   751.703  5266.554   5.689   5.843   21.702   45.940  219  227  187  195 +7.324199e+10 +3.521708e+08 +7.321011e+10 0.00000 1 s56   34   32  1.0000  0.9721  0.9346  0.8025  0.6758  0.6116  0.5453  0.4784  0.9819  0.6100
   58   164.311   192.986  0.407  0.107    1.219   26.099   975.689  5251.577   9.261   5.749   35.330   45.205  157  171  189  196 +4.350062e+10 +3.517953e+08 +4.301803e+10 0.00000 1 s25   36    4  1.0000  0.9373  0.9069  0.7612  0.6854  0.5731  0.4945  0.4380  0.9771  0.5832
   59   295.358   193.299  0.131  0.092    0.595   26.087   475.785  5249.116   6.188   5.230   23.607   41.125  291  299  190  197 +4.727671e+10 +3.581636e+08 +4.665966e+10 0.00000 1 s70   39    1  1.0000  0.9238  0.8948  0.7155  0.5698  0.5038  0.4040  0.3511  0.9275  0.5119
   60   175.198   194.866  0.044  0.051    1.167   26.026   934.156  5236.795   5.476   5.895   20.889   46.348  171  179  191  199 +9.976083e+10 +3.561734e+08 +9.939809e+10 0.00000 1 s27   36    4  1.0000  0.9486  0.9147  0.7964  0.6986  0.6206  0.5562  0.4975  0.9517  0.6033
   62   574.767   195.900  0.197  0.111   -0.737   25.986  -590.077  5228.664   6.427   4.894   24.519   38.482  571  578  194  198 +3.084916e+10 +3.552404e+08 +3.074254e+10 0.00000 1 s100   40    1  1.0000  0.9756  0.8267  0.6983  0.5605  0.4897  0.4135  0.3524  0.9821  0.4777
   66   246.166   204.469  0.111  0.094    0.829   25.651   663.435  5161.287   6.948   5.757   26.504   45.264  241  251  200  208 +6.315514e+10 +3.566546e+08 +6.224704e+10 0.00000 1 s55   34   32  1.0000  0.9019  0.8569  0.7015  0.5783  0.4990  0.4174  0.3975  0.9236  0.5059
   67   311.741   206.433  0.140  0.133    0.516   25.574   413.286  5145.844   6.132   5.572   23.391   43.809  308  316  203  210 +4.080907e+10 +3.574015e+08 +4.017641e+10 0.00000 1 s48   41    2  1.0000  0.8965  0.8792  0.6768  0.5416  0.4340  0.3583  0.3165  0.9258  0.4070
   68   304.035   207.910  0.157  0.107    0.553   25.516   442.682  5134.233   6.386   5.168   24.360   40.639  300  309  205  211 +3.573759e+10 +3.548692e+08 +3.571382e+10 0.00000 1 s47   41    2  1.0000  0.9709  0.8710  0.7598  0.6128  0.5240  0.4597  0.4160  0.9409  0.4999
   69   192.649   209.813  0.039  0.023    1.084   25.442   867.586  5119.271   6.529   5.206   24.905   40.937  188  198  206  214 +1.736952e+11 +3.561207e+08 +1.722534e+11 0.00000 1 s29   34   32  1.0000  0.9647  0.9317  0.8246  0.7350  0.6692  0.6238  0.5889  0.9590  0.6752
   70   249.601   210.687  0.126  0.091    0.813   25.408   650.332  5112.398   7.918   5.992   30.206   47.117  244  256  207  215 +8.675268e+10 +3.671486e+08 +8.407525e+10 0.00000 1 s53   34   32  1.0000  0.9555  0.8967  0.7076  0.6034  0.5201  0.4607  0.4331  0.9283  0.5374
   72   262.294   211.484  0.065  0.055    0.752   25.377   601.913  5106.134   6.581   5.609   25.106   44.104  257  267  207  215 +1.042023e+11 +3.590103e+08 +1.022613e+11 0.00000 1 s51   34   32  1.0000  0.9618  0.9058  0.7318  0.6420  0.5556  0.4835  0.4530  0.9571  0.5613
   73   270.625   210.760  0.193  0.069    0.712   25.405   570.133  5111.823   8.230   5.089   31.394   40.017  265  277  207  214 +5.646796e+10 +3.513754e+08 +5.598662e+10 0.00000 1 s50   34   32  1.0000  0.9899  0.9500  0.8070  0.6738  0.6227  0.4931  0.4336  0.9626  0.5781
   74   198.330   212.040  0.074  0.030    1.057   25.355   845.915  5101.764   6.582   4.979   25.107   39.147  193  203  208  216 +1.223800e+11 +3.654420e+08 +1.198298e+11 0.00000 1 s30   34   32  1.0000  0.9602  0.9065  0.7775  0.6876  0.6383  0.5811  0.5559  0.9616  0.6328
   75   246.261   212.050  0.127  0.054    0.829   25.354   663.071  5101.679   8.517   5.724   32.491   45.003  240  252  208  216 +8.501905e+10 +3.515214e+08 +8.484569e+10 0.00000 1 s54   34   32  1.0000  0.9456  0.8914  0.6708  0.5761  0.5103  0.4610  0.4173  0.9423  0.4974
   76   209.525   213.951  0.084  0.073    1.004   25.280   803.209  5086.737   5.924   6.206   22.598   48.798  206  214  210  218 +7.711548e+10 +3.613935e+08 +7.589474e+10 0.00000 1 s35   34   32  1.0000  0.9707  0.9442  0.8513  0.7530  0.6891  0.6146  0.5732  0.9592  0.6823
   77   256.219   214.459  0.105  0.151    0.781   25.260   625.085  5082.744   6.832   7.245   26.063   56.964  251  261  209  219 +6.664364e+10 +3.591893e+08 +6.576788e+10 0.00000 1 s52   34   32  1.0000  0.9687  0.9013  0.7640  0.6195  0.5470  0.4769  0.4352  0.9644  0.5409
   78   315.742   215.199  0.154  0.128    0.497   25.231   398.024  5076.919   5.792   5.296   22.094   41.638  313  319  213  219 +3.291001e+10 +3.586169e+08 +3.268765e+10 0.00000 1 s44   42    3  1.0000  0.9484  0.8557  0.6780  0.5915  0.4998  0.4299  0.4452  0.9269  0.4852
   79   335.298   215.426  0.163  0.141    0.404   25.223   323.424  5075.140   5.987   5.269   22.839   41.428  332  339  213  218 +3.436951e+10 +3.590044e+08 +3.375928e+10 0.00000 1 s49   43    1  1.0000  0.9563  0.9547  0.7769  0.6144  0.4674  0.3625  0.3307  0.9443  0.4910
   80   294.795   217.626  0.090  0.082    0.597   25.137   477.930  5057.842   5.614   5.027   21.417   39.530  291  298  215  221 +5.212736e+10 +3.622602e+08 +5.141660e+10 0.00000 1 s46   44    1  1.0000  0.9581  0.8702  0.6709  0.5581  0.4906  0.4044  0.3972  0.9300  0.4927
   81   471.718   218.800  0.087  0.063   -0.246   25.091  -196.978  5048.605   5.658   4.858   21.583   38.195  468  475  216  222 +5.688570e+10 +3.611614e+08 +5.641522e+10 0.00000 1 s21   45    1  1.0000  0.9173  0.8427  0.6573  0.5505  0.4768  0.4642  0.3941  0.9389  0.4503
   82   201.504   222.421  0.035  0.026    1.042   24.949   833.807  5020.137   6.383   5.574   24.350   43.824  197  207  218  226 +2.137411e+11 +3.607656e+08 +2.088376e+11 0.00000 1 s31   34   32  1.0000  0.9756  0.9476  0.8497  0.7702  0.7115  0.6611  0.6166  0.9728  0.7067
   83   251.337   222.101  0.076  0.047    0.804   24.962   643.708  5022.657   6.349   5.200   24.221   40.890  247  255  218  226 +8.363010e+10 +3.579064e+08 +8.309698e+10 0.00000 1 s38   34   32  1.0000  0.9837  0.9483  0.8137  0.6873  0.6029  0.5180  0.4736  0.9775  0.6004
   85   237.132   223.415  0.085  0.038    0.872   24.910   697.899  5012.324   9.354   5.697   35.684   44.797  230  244  219  227 +1.443648e+11 +3.505648e+08 +1.427809e+11 0.00000 1 s36   34   32  1.0000  0.9899  0.9746  0.8636  0.7862  0.7334  0.6949  0.6659  0.9832  0.7415
   86   241.103   223.568  0.104  0.029    0.853   24.904   682.750  5011.118  10.606   5.055   40.459   39.750  233  249  220  228 +1.531978e+11 +3.548494e+08 +1.509341e+11 0.00000 1 s37   34   32  1.0000  0.9789  0.9604  0.8890  0.8161  0.7814  0.7427  0.7233  0.9890  0.7889
   88   319.203   226.059  0.106  0.067    0.481   24.807   384.821  4991.530   6.696   5.376   25.545   42.269  314  324  222  230 +6.106462e+10 +3.537131e+08 +6.093765e+10 0.00000 1 s45   42    3  1.0000  0.9326  0.8939  0.6882  0.5567  0.4659  0.3944  0.3225  0.9518  0.4679
   89   264.344   228.660  0.080  0.095    0.742   24.705   594.092  4971.083   5.409   5.824   20.632   45.795  260  268  225  233 +5.887498e+10 +3.603199e+08 +5.800973e+10 0.00000 1 s39   34   32  1.0000  0.9800  0.9429  0.7998  0.6608  0.6126  0.5523  0.4927  0.9540  0.6095
   90   273.682   230.057  0.228  0.094    0.698   24.651   558.471  4960.098   8.852   5.949   33.768   46.773  268  280  226  234 +5.205610e+10 +3.453748e+08 +5.191210e+10 0.00000 1 s40   34   32  1.0000  0.9761  0.9356  0.7836  0.6824  0.5444  0.5016  0.4465  0.9681  0.5964
   91   283.238   233.090  0.235  0.205    0.652   24.532   522.017  4936.248   6.220   5.905   23.729   46.429  279  286  230  236 +2.413509e+10 +3.528310e+08 +2.405331e+10 0.00000 1 s41   34   32  1.0000  0.8948  0.8364  0.7198  0.5979  0.4777  0.4638  0.3883  0.9851  0.4443
   92   301.762   235.181  0.296  0.196    0.564   24.451   451.355  4919.805   6.585   5.360   25.119   42.146  299  304  233  237 +2.155064e+10 +3.533205e+08 +2.144533e+10 0.00000 1 s43   46    1  1.0000  0.9129  0.8318  0.6832  0.4442  0.3395  0.2746  0.1637  0.8716  0.4249
   93   204.880   236.204  0.113  0.086    1.026   24.411   820.929  4911.767   6.591   5.583   25.142   43.900  200  210  232  240 +5.425347e+10 +3.556406e+08 +5.407360e+10 0.00000 1 s32   34   32  1.0000  0.9170  0.8457  0.7053  0.6177  0.5337  0.4769  0.4439  0.9210  0.5068
   96   283.704   241.504  0.185  0.131    0.650   24.204   520.239  4870.089   6.660   5.189   25.404   40.798  280  289  239  244 +3.836326e+10 +3.640130e+08 +3.749834e+10 0.00000 1 s42   47    1  1.0000  0.9348  0.8766  0.7565  0.5869  0.5222  0.4789  0.4513  0.9577  0.4917
   99   418.713   245.948  0.181  0.119    0.007   24.030     5.221  4835.149   6.142   5.156   23.430   40.544  415  422  243  249 +3.168392e+10 +3.550567e+08 +3.153904e+10 0.00000 1 s20   48    1  1.0000  0.9238  0.8299  0.6247  0.5348  0.4104  0.3311  0.3185  0.9247  0.4351
  100   229.991   248.448  0.029  0.030    0.906   23.932   725.136  4815.489   5.995   5.418   22.871   42.604  226  234  244  252 +1.727305e+11 +3.582674e+08 +1.703646e+11 0.00000 1 s34   34   32  1.0000  0.9856  0.9838  0.9504  0.9123  0.8952  0.8692  0.8710  0.9829  0.8928
  101   217.246   250.329  0.101  0.127    0.967   23.859   773.755  4800.697   5.742   5.518   21.905   43.390  214  221  246  254 +5.301598e+10 +3.768738e+08 +6.104506e+10 0.00000 1 s33   34   32  1.0000  0.9881  0.9786  0.9631  0.9078  0.8776  0.9035  0.8878  0.9782  0.9172
  103   230.953   258.025  0.252  0.213    0.902   23.558   721.470  4740.189   5.929   5.376   22.616   42.267  229  233  256  260 +1.910284e+10 +3.533104e+08 +1.909958e+10 0.00000 1 s19   50    1  1.0000  0.9826  1.0222  0.9658  0.8857  0.8713  0.9064  0.8670  1.0058  0.9114
  104   215.840   258.683  0.159  0.183    0.974   23.532   779.120  4735.018   5.523   5.619   21.069   44.180  213  218  256  261 +2.796512e+10 +3.619175e+08 +2.774093e+10 0.00000 1 s18   51    2  1.0000  1.0249  0.9563  0.9425  0.9272  0.8732  0.8601  0.9200  0.9916  0.8962
  105   169.986   260.908  0.077  0.071    1.192   23.445   954.040  4717.522   5.439   5.108   20.748   40.164  167  174  258  264 +5.294453e+10 +3.576257e+08 +5.290932e+10 0.00000 1 s17   52    1  1.0000  0.9355  0.8669  0.7024  0.5955  0.5542  0.4871  0.4544  0.9082  0.5573
  106   255.987   261.400  0.085  0.192    0.782   23.426   625.971  4713.651   5.667   7.162   21.618   56.312  252  260  256  266 +5.302767e+10 +3.566443e+08 +5.228293e+10 0.00000 1 s15   49    2  1.0000  0.9870  0.9726  0.8570  0.7148  0.6555  0.5758  0.5110  1.0033  0.6293
  107   216.591   268.792  0.087  0.062    0.970   23.137   776.254  4655.527   5.681   5.052   21.673   39.721  213  220  265  272 +6.272387e+10 +3.622176e+08 +6.187099e+10 0.00000 1 s16   51    2  1.0000  0.9578  0.9043  0.7132  0.5995  0.5439  0.4750  0.4118  0.9399  0.5222
  108   287.966   287.016  0.119  0.079    0.630   22.425   503.980  4512.239   6.210   5.011   23.689   39.398  284  292  284  290 +4.447034e+10 +3.541126e+08 +4.446681e+10 0.00000 1 s14   53    1  1.0000  0.9674  0.9336  0.7460  0.6081  0.5737  0.4513  0.3960  0.9691  0.5090
  109   294.429   315.050  0.198  0.107    0.599   21.330   479.328  4291.810   6.375   5.083   24.318   39.966  291  298  312  318 +3.460137e+10 +3.564228e+08 +3.428184e+10 0.00000 1 s13   54    1  1.0000  0.9345  0.8619  0.6679  0.5823  0.4526  0.4254  0.3609  0.9209  0.4580
  110   299.821   322.725  0.294  0.118    0.573   21.030   458.758  4231.461   8.166   4.995   31.152   39.273  295  304  320  325 +3.231553e+10 +3.512704e+08 +3.208992e+10 0.00000 1 s12   55    1  1.0000  0.9822  0.9112  0.7145  0.5974  0.4950  0.4466  0.4088  0.9428  0.4833
  111   325.909   376.062  0.039  0.035    0.449   18.945   359.241  3812.085   5.365   5.009   20.464   39.384  322  330  372  380 +1.035473e+11 +3.594946e+08 +1.034557e+11 0.00000 1 s11   56    1  1.0000  0.9568  0.8840  0.7087  0.5894  0.5403  0.4847  0.4486  0.9366  0.5563
  112   219.175   382.072  0.102  0.056    0.958   18.711   766.400  3764.826   6.772   5.021   25.833   39.481  214  224  379  385 +6.377982e+10 +3.520211e+08 +6.366873e+10 0.00000 1 s1   57    1  1.0000  0.9552  0.9281  0.7292  0.5599  0.4153  0.3332  0.2672  0.9694  0.4198
  113   239.346   395.657  0.077  0.058    0.862   18.180   689.453  3658.014   5.723   4.906   21.833   38.572  235  243  393  399 +6.935106e+10 +3.635410e+08 +6.818622e+10 0.00000 1 s2   58    1  1.0000  0.9153  0.8590  0.6493  0.5629  0.4903  0.4696  0.4242  0.9044  0.4926
  114   256.055   408.589  0.064  0.059    0.782   17.674   625.711  3556.333   5.961   5.197   22.741   40.861  252  260  405  413 +7.898257e+10 +3.592846e+08 +7.798061e+10 0.00000 1 s3   59    7  1.0000  0.9495  0.8747  0.7057  0.5890  0.4940  0.4320  0.3691  0.9368  0.4839
  115   254.772   416.130  0.088  0.084    0.788   17.380   630.605  3497.035   5.324   5.244   20.310   41.232  252  258  412  419 +4.845268e+10 +3.633952e+08 +4.821637e+10 0.00000 1 s4   59    7  1.0000  0.9837  0.9312  0.8595  0.7752  0.7302  0.6451  0.6337  0.9445  0.7077
  116   289.920   416.565  0.070  0.097    0.621   17.363   496.528  3493.619   5.868   6.210   22.383   48.824  286  294  413  421 +6.871385e+10 +3.532731e+08 +6.801420e+10 0.00000 1 s10   60    1  1.0000  0.9705  0.9211  0.7328  0.6084  0.5108  0.4453  0.3698  0.9591  0.5190
  118   249.702   430.743  0.029  0.047    0.812   16.809   649.945  3382.134   5.437   6.840   20.740   53.786  246  254  426  436 +1.560515e+11 +3.605533e+08 +1.546877e+11 0.00000 1 s6   59    7  1.0000  0.9955  0.9920  0.9410  0.9221  0.8919  0.8765  0.8745  1.0024  0.9007
  119   235.270   434.146  0.009  0.010    0.881   16.676   705.001  3355.385   5.523   5.949   21.070   46.777  231  239  430  438 +5.252699e+11 +3.551256e+08 +5.221483e+11 0.00000 1 s5   59    7  1.0000  0.9926  0.9815  0.9332  0.8981  0.8775  0.8490  0.8293  0.9892  0.8750
  120   253.687   434.617  0.157  0.064    0.793   16.657   634.744  3351.681   9.094   5.623   34.692   44.213  248  260  431  439 +8.470026e+10 +3.652238e+08 +8.371960e+10 0.00000 1 s7   59    7  1.0000  0.9815  0.9474  0.8422  0.7813  0.7687  0.7115  0.7204  0.9701  0.7628
  124   292.655   447.493  0.139  0.136    0.607   16.154   486.094  3250.439   5.971   5.538   22.777   43.543  289  296  444  451 +4.224803e+10 +3.649803e+08 +4.131466e+10 0.00000 1 s9   63    1  1.0000  1.0296  0.9436  0.8961  0.8170  0.7376  0.6926  0.6514  1.0025  0.7463
  127   268.659   494.886  0.038  0.035    0.722   14.302   577.630  2877.795   5.180   5.170   19.762   40.651  265  273  491  499 +1.139344e+11 +3.622002e+08 +1.128421e+11 0.00000 1 s8   66    1  1.0000  0.9467  0.9113  0.7624  0.6744  0.6016  0.5406  0.5069  0.9633  0.6054
