REMARK SeriesTab Input: test.tab Output: parkin_mq.tab
REMARK Mode: Maximum Dimensions: 2
REMARK Input Region:    X +/- 2 X-ZF: 5
REMARK Analysis Region: X +/- 2
REMARK Input Region:    Y +/- 2 Y-ZF: 5
REMARK Analysis Region: Y +/- 2

VARS   INDEX X_AXIS Y_AXIS DX DY X_PPM Y_PPM X_HZ Y_HZ XW YW XW_HZ YW_HZ X1 X3 Y1 Y3 HEIGHT DHEIGHT VOL PCHI2 TYPE ASS CLUSTID MEMCNT Z_A0 Z_A1 Z_A2 Z_A3 Z_A4 Z_A5 Z_A6 Z_A7 Z_A8 Z_A9
FORMAT %5d %9.3f %9.3f %6.3f %6.3f %8.3f %8.3f %9.3f %9.3f %7.3f %7.3f %8.3f %8.3f %4d %4d %4d %4d %+e %+e %+e %.5f %d %s %4d %4d %7.4f %7.4f %7.4f %7.4f %7.4f %7.4f %7.4f %7.4f %7.4f %7.4f

NULLVALUE -666
NULLSTRING *

    1   279.615    33.658  0.209  0.212    0.670   32.326   535.839  6504.351   5.632   5.679   21.484   44.650  276  284   30   38 -9.631496e+10 +1.379077e+09 -9.473792e+10 0.00000 1 s82    1    1  1.0000  1.0023  0.9786  0.9003  0.7709  0.4851  0.2958  0.2572  0.3583  0.9544
    2   241.026    51.233  0.146  0.158    0.854   31.639   683.043  6366.155   5.401   5.371   20.603   42.228  237  245   47   55 +1.067618e+11 +1.375946e+09 +1.063538e+11 0.00000 1 s81    2    1  1.0000  0.9617  0.9629  0.8307  0.7028  0.4771  0.3114  0.2898  0.3808  0.9546
    3   285.046    51.737  0.452  0.472    0.644   31.619   515.120  6362.191   5.984   5.796   22.828   45.574  282  288   49   55 +4.166092e+10 +1.351939e+09 +4.148519e+10 0.00000 1 s83    3    1  1.0000  1.0591  1.0520  1.2067  0.9577  0.5554  0.5069  0.3888  0.5554  0.9658
    4   208.268    63.681  0.144  0.144    1.010   31.152   808.006  6268.279   5.218   5.076   19.906   39.910  205  212   60   67 +1.125054e+11 +1.399257e+09 +1.110447e+11 0.00000 1 s80    4    1  1.0000  0.9802  0.9124  0.8088  0.6824  0.4106  0.3290  0.2667  0.3404  0.9072
    6   259.748    74.664  0.323  0.264    0.764   30.723   611.624  6181.925   6.371   5.539   24.305   43.555  255  264   71   78 +7.241204e+10 +1.366992e+09 +7.165913e+10 0.00000 1 s84    6    1  1.0000  0.8742  0.9213  0.9083  0.8362  0.5762  0.5023  0.3424  0.4552  0.9703
    7   431.974    83.215  0.420  0.413   -0.057   30.389   -45.365  6114.691   5.636   5.362   21.500   42.159  429  435   81   86 +4.028224e+10 +1.372666e+09 +4.015130e+10 0.00000 1 s103    7    1  1.0000  1.2451  1.3684  1.3441  1.1435  0.8706  0.6897  0.6455  0.7466  1.2171
    8   247.571    97.024  0.701  0.297    0.822   29.849   658.075  6006.112   6.289   4.683   23.991   36.823  245  252   95   99 +4.192158e+10 +1.406095e+09 +4.122811e+10 0.00000 1 s85    8    1  1.0000  1.1519  0.8966  0.8252  0.7175  0.4555  0.4170  0.3183  0.4377  0.8562
    9   185.596   102.841  0.219  0.212    1.118   29.622   894.492  5960.372   5.708   5.940   21.776   46.708  182  190   99  107 +9.423820e+10 +1.363569e+09 +9.316402e+10 0.00000 1 s79    9    1  1.0000  0.9649  0.9695  0.8503  0.7802  0.5191  0.4048  0.3033  0.4395  0.9403
   12   300.747   116.982  0.258  0.155    0.569   29.069   455.226  5849.183   6.591   5.239   25.144   41.194  296  306  113  121 +9.554611e+10 +1.354138e+09 +9.526224e+10 0.00000 1 s92   12    1  1.0000  0.9756  1.0606  0.9906  0.9531  0.6765  0.5271  0.3885  0.5028  0.9654
   13   568.316   119.084  0.428  0.290   -0.707   28.987  -565.470  5832.661   5.741   4.910   21.899   38.608  565  571  117  121 +4.651885e+10 +1.386319e+09 +4.621047e+10 0.00000 1 s101   13    1  1.0000  1.0626  1.1203  1.1995  1.1280  0.8765  0.6628  0.6144  0.6604  1.1802
   14   236.591   120.358  0.234  0.355    0.875   28.938   699.962  5822.643   5.593   6.900   21.337   54.254  233  241  116  125 +8.602522e+10 +1.375314e+09 +8.466115e+10 0.00000 1 s88   14    6  1.0000  0.9522  1.0081  0.9748  0.8930  0.6131  0.5160  0.3240  0.4913  1.0067
   15   317.858   119.832  0.209  0.213    0.487   28.958   389.954  5826.777   5.336   5.290   20.354   41.595  314  321  117  123 +7.463150e+10 +1.377953e+09 +7.437530e+10 0.00000 1 s93   15    2  1.0000  1.0392  1.0055  0.9647  0.7799  0.5434  0.4991  0.3606  0.4700  0.9908
   16   153.895   121.160  0.167  0.174    1.269   28.906  1015.420  5816.332   5.201   5.187   19.842   40.783  150  157  118  125 +8.780268e+10 +1.382583e+09 +8.756436e+10 0.00000 1 s77   16    1  1.0000  0.9760  1.0090  1.0406  0.8719  0.6114  0.5385  0.3433  0.5670  1.0005
   17   444.793   123.091  0.456  0.430   -0.118   28.831   -94.267  5801.155   5.662   5.537   21.599   43.534  442  447  121  126 +3.932754e+10 +1.368689e+09 +3.920172e+10 0.00000 1 s102   17    1  1.0000  1.1267  1.2884  1.1999  1.2793  1.0706  0.7220  0.6809  0.6695  1.0815
   18   258.918   123.661  0.110  0.096    0.768   28.808   614.791  5796.673   7.127   6.202   27.188   48.769  254  264  120  128 +2.438818e+11 +1.340056e+09 +2.423573e+11 0.00000 1 s90   11    2  1.0000  0.9726  0.9423  0.8847  0.7383  0.4894  0.3749  0.2592  0.3650  0.9314
   21   210.572   128.694  0.226  0.325    0.999   28.612   799.217  5757.092   5.674   6.392   21.645   50.262  207  215  124  134 +1.115746e+11 +1.452716e+09 +1.068820e+11 0.00000 1 s87   14    6  1.0000  0.9608  0.8170  0.7249  0.5387  0.3176  0.2425  0.1572  0.2673  0.7992
   22   314.392   129.188  0.246  0.217    0.504   28.593   403.174  5753.214   5.463   5.364   20.842   42.178  311  318  126  133 +7.736481e+10 +1.386282e+09 +7.638634e+10 0.00000 1 s94   15    2  1.0000  0.9525  0.9779  0.8360  0.6764  0.5002  0.3786  0.2043  0.3277  0.9462
   23   282.919   130.945  0.696  0.464    0.654   28.524   523.235  5739.397   6.395   5.164   24.394   40.607  280  285  129  133 +3.129342e+10 +1.364632e+09 +3.127620e+10 0.00000 1 s91   18    1  1.0000  1.0410  1.1057  1.0898  0.7240  0.5760  0.5418  0.2831  0.5857  1.2508
   26   234.356   135.247  0.177  0.183    0.885   28.356   708.487  5705.572   5.406   5.591   20.623   43.963  230  238  131  139 +1.028558e+11 +1.388985e+09 +1.015766e+11 0.00000 1 s89   14    6  1.0000  0.9808  0.8196  0.7410  0.5648  0.3474  0.3318  0.1826  0.2931  0.8687
   27   265.751   148.881  0.496  0.393    0.736   27.823   588.726  5598.365   5.588   5.049   21.318   39.703  263  268  147  151 +3.628244e+10 +1.377202e+09 +3.609856e+10 0.00000 1 s75   20    1  1.0000  0.7978  0.6598  0.4810  0.3243  0.2507  0.2384  0.1550  0.3146  0.7496
   28   384.955   149.129  1.048  0.990    0.167   27.813   133.997  5596.421   6.329   6.011   24.144   47.263  383  386  148  150 +2.011227e+10 +1.356971e+09 +2.009181e+10 0.00002 1 s95   21    1  1.0000  1.0193  1.3378  1.6397  1.6383  1.5602  1.3727  0.9900  1.3482  1.2809
   29   134.534   150.695  0.717  0.570    1.361   27.752  1089.279  5584.109   5.620   5.224   21.439   41.074  132  137  149  153 +3.010910e+10 +1.397725e+09 +2.949973e+10 0.00000 1 s78   22    1  1.0000  0.8845  1.2513  1.2331  1.1534  1.1426  0.6820  0.7278  0.8649  1.2211
   30   208.623   151.786  0.637  0.375    1.008   27.709   806.650  5575.531   5.911   4.705   22.549   36.994  206  211  150  154 +3.487015e+10 +1.393125e+09 +3.444643e+10 0.00000 1 s76   23    1  1.0000  0.9173  1.0640  0.9605  0.8995  0.5140  0.5096  0.2667  0.4549  0.9569
   31   282.112   154.741  0.233  0.248    0.658   27.594   526.311  5552.294   5.418   5.341   20.667   41.993  279  286  151  158 +6.904321e+10 +1.389087e+09 +6.865981e+10 0.00000 1 s74   24    1  1.0000  1.0026  0.9803  0.8007  0.7061  0.4537  0.2959  0.2423  0.2858  0.9633
   33   247.605   160.962  1.043  0.459    0.822   27.351   657.945  5503.381   5.799   4.432   22.123   34.850  246  249  160  162 +2.589840e+10 +1.484942e+09 +2.533045e+10 0.00000 1 s64   26    2  1.0000  1.1524  1.2052  0.8533  0.4890  0.2357  0.3637  0.2860  0.1976  0.9892
   35   319.045   163.258  0.667  0.331    0.482   27.261   385.424  5485.324   7.426   4.972   28.329   39.093  315  324  161  166 +4.384249e+10 +1.361596e+09 +4.360288e+10 0.00000 1 s73   28    1  1.0000  1.1344  1.2760  1.4238  1.4039  0.9581  0.8387  0.6284  0.6137  1.3237
   37   250.126   165.424  0.485  0.944    0.810   27.177   648.327  5468.298   4.770   6.037   18.197   47.466  249  252  164  167 +2.683066e+10 +1.434414e+09 +2.653027e+10 0.00000 1 s65   26    2  1.0000  0.9459  0.9427  0.8110  0.5163 -0.1461  0.3824  0.2855  0.3468  0.7275
   38   202.435   167.800  0.209  0.192    1.038   27.084   830.257  5449.614   5.407   5.484   20.625   43.124  199  206  164  172 +9.194906e+10 +1.386437e+09 +9.052720e+10 0.00000 1 s61   30    1  1.0000  0.9473  0.9845  0.9023  0.8288  0.5688  0.4510  0.3290  0.4634  1.0231
   39   222.645   167.219  0.675  2.399    0.941   27.106   753.162  5454.178   4.897   7.724   18.680   60.729  221  224  165  169 +2.348143e+10 +1.450391e+09 +2.277392e+10 0.00000 1 s62   27    2  1.0000  0.7809  0.7259  0.7622  0.3809  0.2296  0.3882  0.2504  0.4229  0.8503
   40   363.494   168.352  0.620  0.693    0.270   27.062   215.866  5445.271   6.518   7.175   24.864   56.413  360  367  165  173 +4.714217e+10 +1.363349e+09 +4.635654e+10 0.00000 1 s71   31    2  1.0000  1.0446  0.8897  1.0221  0.8444  0.5076  0.4223  0.3207  0.6087  1.0700
   42   256.869   175.320  0.337  0.557    0.778   26.790   622.606  5390.486   4.806   5.811   18.333   45.690  255  259  173  178 +3.841736e+10 +1.408733e+09 +3.812921e+10 0.00000 1 s56   33    1  1.0000  0.8094  0.7552  0.6454  0.3879  0.3527  0.1853  0.2395  0.3417  0.8571
   43   360.219   174.660  0.255  0.255    0.285   26.816   228.356  5395.671   5.655   5.394   21.573   42.416  357  364  171  178 +7.212696e+10 +1.386646e+09 +7.134464e+10 0.00000 1 s72   31    2  1.0000  0.9953  0.9920  1.0787  0.9399  0.6142  0.4419  0.3419  0.5470  1.0677
   44   109.474   176.257  0.297  0.312    1.481   26.753  1184.872  5383.115   5.600   6.076   21.362   47.777  106  113  172  180 +7.173361e+10 +1.385948e+09 +7.046137e+10 0.00000 1 s22   34    1  1.0000  1.0312  0.9786  0.8780  0.7181  0.5169  0.4473  0.2560  0.4238  0.9957
   45   208.342   176.695  0.497  0.757    1.009   26.736   807.723  5379.672   5.505   6.761   21.001   53.161  206  211  173  180 +3.701345e+10 +1.366261e+09 +3.658207e+10 0.00000 1 s60   35    1  1.0000  1.2188  1.2400  1.3348  1.1168  0.7476  0.6490  0.3676  0.5918  1.1472
   47   130.227   178.879  0.278  0.249    1.382   26.651  1105.707  5362.500   5.921   5.649   22.587   44.420  126  134  175  182 +7.120823e+10 +1.365243e+09 +7.093425e+10 0.00000 1 s23   37    1  1.0000  1.0004  0.8689  0.9277  0.6152  0.5131  0.3099  0.2074  0.3885  0.9628
   48   246.018   180.675  0.552  1.642    0.830   26.581   664.001  5348.376   5.943   9.493   22.670   74.646  243  249  176  188 +3.344959e+10 +1.347978e+09 +3.337073e+10 0.00000 1 s59   38   27  1.0000  1.2413  1.3869  1.2983  1.2927  1.0639  0.7768  0.6057  0.7445  1.1733
   49   188.638   182.991  0.097  0.108    1.103   26.490   882.888  5330.167   5.235   5.850   19.969   45.995  185  193  179  187 +1.751923e+11 +1.380821e+09 +1.735134e+11 0.00000 1 s28   39    2  1.0000  0.9290  0.8774  0.7644  0.5942  0.3768  0.3157  0.1969  0.3215  0.8610
   50   165.674   183.934  0.354  0.314    1.213   26.453   970.489  5322.750   6.075   5.977   23.175   46.999  162  170  180  188 +6.233275e+10 +1.361845e+09 +6.195835e+10 0.00000 1 s26   40    4  1.0000  0.9058  0.8887  0.8399  0.7055  0.4516  0.3347  0.2411  0.3636  0.9445
   52   243.521   187.425  0.387  0.305    0.842   26.317   673.527  5295.308   5.919   5.369   22.580   42.213  240  248  183  191 +6.542639e+10 +1.409253e+09 +6.364481e+10 0.00000 1 s58   38   27  1.0000  1.0231  1.0128  1.0402  0.8300  0.5219  0.4528  0.3197  0.4319  1.0523
   53   213.813   187.682  0.266  0.350    0.983   26.307   786.854  5293.286   5.227   5.709   19.940   44.890  211  217  184  191 +5.755841e+10 +1.375403e+09 +5.705628e+10 0.00000 1 s57   38   27  1.0000  0.8974  0.8520  0.8429  0.6984  0.4297  0.3627  0.1555  0.2822  0.9101
   54   273.705   189.561  0.233  0.372    0.698   26.233   558.382  5278.507   4.973   5.898   18.970   46.376  271  276  186  193 +6.420162e+10 +1.395216e+09 +6.305920e+10 0.00000 1 s69   42    1  1.0000  1.0168  0.8941  0.9251  0.7344  0.4828  0.4664  0.2306  0.4001  1.0198
   55   158.415   191.216  0.688  0.309    1.247   26.169   998.177  5265.500   7.457   5.264   28.446   41.389  154  163  188  194 +5.217651e+10 +1.371760e+09 +5.168186e+10 0.00000 1 s24   40    4  1.0000  0.9348  0.7774  0.7707  0.6013  0.3270  0.4383  0.1693  0.2653  0.8792
   57   222.784   191.417  0.211  0.372    0.941   26.161   752.630  5263.918   5.548   6.806   21.165   53.515  219  227  187  196 +8.179125e+10 +1.357992e+09 +8.093757e+10 0.00000 1 s56   38   27  1.0000  0.8909  0.8684  0.8547  0.6791  0.3501  0.2723  0.2334  0.3095  0.9148
   59   165.434   192.902  0.877  0.367    1.214   26.103   971.403  5252.241   7.456   5.493   28.441   43.191  160  170  189  196 +4.636871e+10 +1.383684e+09 +4.580600e+10 0.00000 1 s25   40    4  1.0000  1.0851  1.0967  1.0046  0.8768  0.6320  0.4241  0.3453  0.4076  1.1661
   60   295.067   192.898  0.434  0.287    0.596   26.103   476.893  5252.270   6.300   5.033   24.033   39.576  291  299  190  196 +4.855013e+10 +1.363332e+09 +4.849939e+10 0.00000 1 s70   44    1  1.0000  1.0808  1.0101  1.1258  0.9469  0.6008  0.5146  0.2758  0.5119  1.1416
   62   175.281   195.004  0.176  0.166    1.167   26.021   933.842  5235.715   5.819   5.838   22.198   45.901  171  179  191  199 +1.118836e+11 +1.365831e+09 +1.113635e+11 0.00000 1 s27   40    4  1.0000  0.9425  0.8956  0.7670  0.6483  0.3987  0.2734  0.2563  0.3464  0.9334
   65   574.682   195.825  0.845  0.464   -0.737   25.989  -589.755  5229.254   6.433   4.894   24.541   38.483  572  577  194  198 +2.950991e+10 +1.377529e+09 +2.929227e+10 0.00000 1 s100   47    1  1.0000  1.0304  1.4543  1.4536  1.1853  0.8556  0.8593  0.3783  0.6684  1.3369
   68   246.675   205.137  0.381  0.384    0.827   25.625   661.493  5156.041   6.578   6.834   25.092   53.733  242  252  201  210 +6.828212e+10 +1.370703e+09 +6.789573e+10 0.00000 1 s55   38   27  1.0000  0.9923  1.0683  1.0112  0.9719  0.7124  0.5185  0.4093  0.6053  1.0466
   69   311.829   205.874  0.580  0.547    0.516   25.596   412.950  5150.240   6.311   6.093   24.073   47.907  308  315  203  209 +3.730108e+10 +1.351975e+09 +3.721496e+10 0.00000 1 s48   49    2  1.0000  1.0262  1.1421  1.2800  1.1139  0.8117  0.6575  0.5140  0.8676  1.1499
   70   303.961   207.603  0.444  0.370    0.554   25.528   442.965  5136.647   6.171   5.134   23.539   40.365  301  308  205  210 +4.655048e+10 +1.383605e+09 +4.599038e+10 0.00000 1 s47   49    2  1.0000  0.7614  0.8318  0.8112  0.7512  0.3821  0.3278  0.2293  0.4175  0.6355
   72   192.389   209.851  0.104  0.077    1.085   25.440   868.577  5118.973   5.870   5.344   22.392   42.022  188  196  206  214 +2.110422e+11 +1.382232e+09 +2.088677e+11 0.00000 1 s29   38   27  1.0000  0.9373  0.8881  0.7734  0.6184  0.3682  0.2938  0.1772  0.3072  0.8552
   73   249.234   210.759  0.557  0.167    0.814   25.405   651.733  5111.832   8.714   5.715   33.241   44.932  243  255  207  215 +1.170226e+11 +1.374987e+09 +1.148229e+11 0.00000 1 s53   38   27  1.0000  0.9301  1.0171  1.0862  0.9291  0.6497  0.5639  0.3926  0.5636  1.0481
   74   269.641   210.866  0.903  0.385    0.717   25.401   573.886  5110.991   7.707   5.283   29.400   41.539  265  274  208  214 +4.025118e+10 +1.358486e+09 +4.002563e+10 0.00000 1 s50   38   27  1.0000  0.7424  0.9744  0.7750  0.6740  0.5675  0.3097  0.3462  0.3714  0.7784
   75   197.919   211.940  0.243  0.103    1.059   25.359   847.485  5102.544   8.078   5.185   30.817   40.770  192  204  208  216 +1.421165e+11 +1.357830e+09 +1.420501e+11 0.00000 1 s30   38   27  1.0000  1.0227  0.9996  0.9291  0.8072  0.5415  0.4423  0.2840  0.4522  1.0061
   76   246.320   212.016  0.325  0.150    0.828   25.356   662.847  5101.946   8.075   5.745   30.804   45.171  240  252  208  216 +1.187585e+11 +1.351576e+09 +1.183831e+11 0.00000 1 s54   38   27  1.0000  0.9614  1.0482  1.1443  0.9569  0.6790  0.5880  0.4255  0.5872  1.0642
   77   262.238   211.646  0.204  0.163    0.752   25.370   602.124  5104.856   6.451   5.512   24.609   43.337  257  267  208  216 +1.174629e+11 +1.372782e+09 +1.161856e+11 0.00000 1 s51   38   27  1.0000  1.0414  1.0548  0.9922  0.9181  0.5765  0.4820  0.3683  0.5272  0.9834
   78   209.103   213.658  0.367  0.494    1.006   25.292   804.818  5089.037   6.072   6.547   23.161   51.477  205  213  210  219 +5.423141e+10 +1.368455e+09 +5.390507e+10 0.00000 1 s35   38   27  1.0000  0.9588  1.0176  0.8056  0.5546  0.3874  0.2676  0.2181  0.2769  0.8710
   79   256.170   214.555  0.380  0.473    0.781   25.257   625.274  5081.983   6.888   6.964   26.274   54.756  251  261  210  220 +6.991004e+10 +1.382239e+09 +6.925792e+10 0.00000 1 s52   38   27  1.0000  0.9808  0.9662  1.0552  0.8889  0.5851  0.4901  0.3604  0.5107  1.0643
   80   315.933   214.811  0.472  0.362    0.496   25.247   397.296  5079.971   6.190   5.245   23.611   41.238  312  320  212  217 +4.308333e+10 +1.361215e+09 +4.296174e+10 0.00000 1 s44   50    1  1.0000  1.0820  1.1049  1.1758  1.1278  0.9681  0.7789  0.6220  0.8310  1.3716
   81   335.230   215.112  0.487  0.480    0.405   25.235   323.684  5077.609   5.169   5.184   19.718   40.762  333  337  213  217 +3.152610e+10 +1.389275e+09 +3.137276e+10 0.00000 1 s49   51    1  1.0000  1.2631  1.2407  1.1996  0.8624  0.6742  0.6223  0.4701  0.5753  1.1208
   82   295.091   217.592  0.270  0.335    0.596   25.138   476.801  5058.110   5.399   5.474   20.594   43.038  292  298  215  221 +5.906210e+10 +1.383544e+09 +5.837231e+10 0.00000 1 s46   52    1  1.0000  1.0570  1.2049  1.2191  1.1048  0.8538  0.6834  0.4406  0.6106  1.0800
   83   471.566   218.721  0.297  0.242   -0.245   25.094  -196.399  5049.227   5.576   5.223   21.272   41.067  468  475  216  222 +6.954651e+10 +1.395165e+09 +6.832836e+10 0.00000 1 s21   53    1  1.0000  1.1703  1.1970  1.1348  1.2070  0.8428  0.6794  0.4423  0.7436  1.1669
   84   201.763   222.158  0.124  0.101    1.041   24.960   832.819  5022.205   6.209   5.637   23.686   44.322  198  206  218  226 +1.755311e+11 +1.360895e+09 +1.747477e+11 0.00000 1 s31   38   27  1.0000  0.9088  0.8342  0.7348  0.5855  0.3327  0.2335  0.1912  0.2560  0.8438
   85   251.105   222.194  0.212  0.165    0.806   24.958   644.593  5021.918   5.905   5.062   22.525   39.804  247  255  218  226 +8.967107e+10 +1.383397e+09 +8.935001e+10 0.00000 1 s38   38   27  1.0000  0.9857  0.8975  0.8622  0.6931  0.4884  0.3497  0.2689  0.3683  0.8668
   86   237.172   223.447  0.477  0.259    0.872   24.909   697.746  5012.067   8.604   5.757   32.821   45.269  231  243  219  227 +8.559599e+10 +1.355618e+09 +8.449746e+10 0.00000 1 s36   38   27  1.0000  0.9921  0.9087  0.7320  0.5615  0.3216  0.3567  0.3004  0.3239  0.8819
   88   242.195   223.633  0.346  0.166    0.848   24.902   678.582  5010.608   7.977   5.207   30.430   40.943  236  248  220  228 +1.027226e+11 +1.360401e+09 +1.015833e+11 0.00000 1 s37   38   27  1.0000  0.9390  0.8672  0.7456  0.7152  0.4766  0.4286  0.3411  0.3865  0.8150
   90   319.164   226.026  0.280  0.243    0.481   24.808   384.969  4991.789   6.003   5.609   22.900   44.101  315  323  223  230 +7.013726e+10 +1.362681e+09 +7.002910e+10 0.00000 1 s45   54    2  1.0000  1.0590  1.0255  0.9760  1.0180  0.5628  0.6719  0.3650  0.5857  1.0795
   91   264.180   228.405  0.241  0.321    0.743   24.715   594.718  4973.086   5.335   5.685   20.353   44.697  260  267  225  232 +6.650092e+10 +1.383634e+09 +6.568063e+10 0.00000 1 s39   55    1  1.0000  1.0310  0.8876  0.8387  0.7560  0.5210  0.3113  0.2583  0.3324  0.8890
   92   274.189   230.378  2.040  0.553    0.695   24.638   556.536  4957.569  11.617   5.657   44.317   44.479  270  278  227  233 +3.610146e+10 +1.333773e+09 +3.576002e+10 0.00000 1 s40   56    1  1.0000  1.1697  1.2518  0.9866  0.7005  0.6852  0.3558  0.3295  0.5736  0.9292
   93   283.571   233.824  1.064  1.102    0.651   24.504   520.745  4930.475   5.867   6.347   22.381   49.902  282  285  232  235 +2.095897e+10 +1.370455e+09 +2.070453e+10 0.00001 1 s41   57    1  1.0000  1.2796  1.3219  1.1384  0.8685  0.4826  0.3335  0.3818  0.5593  1.1963
   94   204.533   236.017  0.498  0.298    1.028   24.418   822.253  4913.237   6.337   5.399   24.173   42.451  201  209  233  239 +5.384350e+10 +1.369702e+09 +5.325725e+10 0.00000 1 s32   38   27  1.0000  1.1553  1.0854  1.1226  1.0552  0.7800  0.6803  0.4864  0.5649  1.0695
   97   284.267   241.611  0.779  0.709    0.647   24.199   518.092  4869.252   6.944   5.818   26.489   45.749  281  289  239  244 +3.733014e+10 +1.395470e+09 +3.640714e+10 0.00000 1 s42   58    2  1.0000  1.1015  0.8771  0.9351  0.9059  0.6826  0.3777  0.4263  0.3870  0.9955
  100   220.231   243.626  0.515  0.492    0.953   24.121   762.368  4853.406   6.763   6.240   25.798   49.061  215  224  240  248 +5.051780e+10 +1.365108e+09 +5.003964e+10 0.00000 1 s33   38   27  1.0000  0.8833  0.9044  0.7297  0.4883  0.3402  0.3005  0.3914  0.3443  0.7755
  101   418.387   246.061  0.877  0.474    0.008   24.025     6.463  4834.261   6.520   5.120   24.873   40.257  416  421  244  248 +3.018032e+10 +1.356660e+09 +2.995886e+10 0.00000 1 s20   59    1  1.0000  1.1882  1.3593  1.3022  1.2204  1.0469  0.9152  0.5794  0.8663  1.1448
  102   230.610   248.391  1.615  1.030    0.903   23.934   722.779  4815.940   7.699   6.083   29.370   47.833  226  233  247  251 +2.297325e+10 +1.347463e+09 +2.266925e+10 0.00000 1 s34   38   27  1.0000  1.1311  0.7375  0.7575  0.3459  0.5103  0.6103  0.5851  0.2114  0.9676
  105   169.694   260.724  0.353  0.290    1.194   23.452   955.151  4718.965   5.787   5.229   22.077   41.113  166  173  258  264 +5.703025e+10 +1.381677e+09 +5.640219e+10 0.00000 1 s17   62    1  1.0000  1.0074  1.0003  1.0000  0.7283  0.5498  0.4590  0.3657  0.4429  1.1250
  106   255.923   261.790  0.408  0.839    0.783   23.411   626.214  4710.583   5.399   7.452   20.595   58.594  252  258  257  266 +3.786964e+10 +1.359253e+09 +3.779459e+10 0.00000 1 s15   61    2  1.0000  0.9863  0.8076  0.8286  0.5990  0.5109  0.2552  0.3379  0.4701  0.9065
  107   216.551   268.849  0.288  0.180    0.970   23.135   776.409  4655.078   5.980   5.088   22.811   40.004  213  221  266  272 +8.250355e+10 +1.382941e+09 +8.143335e+10 0.00000 1 s16   63    1  1.0000  0.9950  1.0985  1.0449  0.9555  0.6428  0.5513  0.3894  0.5320  1.0660
  108   288.019   286.987  0.543  0.373    0.630   22.426   503.778  4512.462   6.370   5.210   24.300   40.967  285  291  284  289 +3.925155e+10 +1.358087e+09 +3.925037e+10 0.00000 1 s14   64    1  1.0000  0.9944  1.0706  1.0515  0.9172  0.5562  0.4276  0.3560  0.4719  1.0316
  109   294.828   315.215  0.569  0.540    0.597   21.323   477.804  4290.514   5.980   5.690   22.811   44.736  292  298  313  319 +3.452660e+10 +1.362958e+09 +3.437147e+10 0.00000 1 s13   65    2  1.0000  0.9384  1.3198  1.2347  1.3318  1.0268  0.8411  0.7647  0.8438  1.1758
  110   299.519   322.576  1.047  0.534    0.575   21.036   459.908  4232.639   7.600   5.501   28.992   43.255  295  303  319  325 +3.769098e+10 +1.366067e+09 +3.695500e+10 0.00000 1 s12   65    2  1.0000  0.9571  1.0018  1.2247  1.1851  0.6887  0.8647  0.5450  0.6681  1.0107
  111   325.944   376.158  0.108  0.110    0.449   18.942   359.105  3811.330   5.299   5.203   20.215   40.910  322  330  372  380 +1.391214e+11 +1.379465e+09 +1.388341e+11 0.00000 1 s11   66    1  1.0000  1.0342  1.1108  1.0648  0.9816  0.6604  0.5971  0.4181  0.5480  1.0582
  112   219.635   381.980  0.594  0.246    0.956   18.714   764.642  3765.554   6.868   4.695   26.199   36.912  216  224  379  384 +4.910566e+10 +1.370056e+09 +4.882682e+10 0.00000 1 s1   67    1  1.0000  1.0627  1.2296  1.1368  1.0148  0.7892  0.6295  0.4114  0.5318  1.0701
  113   239.149   395.676  0.186  0.167    0.863   18.179   690.204  3657.867   5.510   4.932   21.021   38.779  235  243  393  399 +9.135880e+10 +1.393086e+09 +9.043946e+10 0.00000 1 s2   68    1  1.0000  1.0567  1.0899  1.1890  1.1747  0.8721  0.7886  0.5518  0.7550  1.1773
  114   255.865   408.365  0.185  0.174    0.783   17.683   626.435  3558.090   5.845   5.265   22.297   41.400  252  260  405  412 +1.016181e+11 +1.378584e+09 +1.005362e+11 0.00000 1 s3   69    2  1.0000  1.0111  1.0101  1.1608  0.9839  0.6994  0.6030  0.3826  0.5781  1.0991
  115   254.749   416.071  0.260  0.231    0.788   17.382   630.695  3497.503   5.204   5.011   19.852   39.401  252  258  412  419 +6.108112e+10 +1.400468e+09 +6.077211e+10 0.00000 1 s4   69    2  1.0000  0.8787  0.8637  0.7737  0.5422  0.2745  0.2728  0.1869  0.3293  0.8786
  116   289.702   416.656  0.305  0.344    0.622   17.359   497.360  3492.902   5.665   5.850   21.610   46.001  286  293  413  420 +6.266638e+10 +1.374078e+09 +6.189507e+10 0.00000 1 s10   70    1  1.0000  1.1171  1.1631  1.1305  1.0261  0.6456  0.4693  0.3066  0.4977  1.1656
  117   246.205   426.208  0.214  0.213    0.829   16.986   663.286  3417.794   5.410   5.315   20.636   41.794  243  250  423  430 +7.782842e+10 +1.394186e+09 +7.736839e+10 0.00000 1 s6   71    4  1.0000  1.0242  0.7743  0.7334  0.6645  0.3673  0.3600  0.2988  0.3484  0.8789
  118   235.499   433.894  0.064  0.074    0.880   16.686   704.127  3357.361   5.263   6.194   20.075   48.702  231  239  430  438 +2.959019e+11 +1.385084e+09 +2.904226e+11 0.00000 1 s5   71    4  1.0000  0.8850  0.7752  0.6221  0.4994  0.3663  0.2901  0.2546  0.3029  0.7705
  119   253.792   434.751  0.407  0.294    0.793   16.652   634.344  3350.622   6.427   5.340   24.517   41.985  249  258  432  438 +5.817370e+10 +1.396073e+09 +5.780164e+10 0.00000 1 s7   71    4  1.0000  0.9044  0.8461  0.7182  0.6744  0.4403  0.4810  0.3486  0.3619  0.9035
  121   293.552   447.389  0.662  0.555    0.603   16.158   482.673  3251.256   5.258   4.854   20.057   38.170  292  295  446  449 +2.917724e+10 +1.443872e+09 +2.840035e+10 0.00000 1 s9   72    1  1.0000  1.0748  1.1151  0.6775  0.6535  0.3872  0.4403  0.3466  0.3800  0.9623
  122   268.563   494.819  0.116  0.115    0.722   14.305   577.998  2878.323   5.149   5.454   19.640   42.886  265  272  491  499 +1.517810e+11 +1.397922e+09 +1.492757e+11 0.00000 1 s8   73    1  1.0000  0.9830  0.9056  0.8418  0.6933  0.4294  0.3648  0.2660  0.4170  0.9793
